590	34.1273514694315	22.8653254845191
592	29.3317788584874	19.6522918351865
594	25.8883006174301	17.3451614136781
596	23.6729736793628	15.8608923651731
598	21.6443195744305	14.5016941148685
600	19.5180528426721	13.0770954045903
602	16.7879945898789	11.2479563752189
604	15.9029452003875	10.6549732842596
606	13.6757087560948	9.16272486658352
608	12.5575089150876	8.41353097310867
610	11.2192508836181	7.51689809202411
612	10.8337184438853	7.25859135740315
614	10.2109107139678	6.84131017835842
616	9.72378677154579	6.51493713693568
618	9.38067970086555	6.28505539957992
620	8.98177775288304	6.01779109443163
622	8.64609786141073	5.79288556714519
624	8.52469082791676	5.71154285470423
626	7.90695965290753	5.29766296744805
628	7.61821057922355	5.10420108807978
630	7.7093169506906	5.1652423569627
632	7.1031058441472	4.75908091557863
634	7.19450760689019	4.82032009661643
636	6.80465226159022	4.55911701526545
638	6.8738920871112	4.6055076983645
640	6.69947288692746	4.4886468342414
642	6.29519911894274	4.21778340969164
644	6.27336370878729	4.20315368488748
646	6.35827562476267	4.26004466859099
648	6.39916827575051	4.28744274475284
650	6.5152369640436	4.36520876590921
652	6.46556103205165	4.33192589147461
654	6.77307535217609	4.53796048595798
656	6.95807234451736	4.66190847082663
658	7.14975220372429	4.79033397649527
660	7.31975661130033	4.90423692957122
662	7.11960127375954	4.77013285341889
664	7.21830447299751	4.83626399690833
666	7.45644146214348	4.99581577963613
668	7.43669843090627	4.9825879487072
670	7.13535874512319	4.78069035923254
672	7.16604403451314	4.8012495031238
674	7.31439672077116	4.90064580291668
676	7.14524458543339	4.78731387224037
678	7.29721106547708	4.88913141386965
680	7.80581455304856	5.22989575054253
682	6.68469825070812	4.47874782797444
684	7.52888119488941	5.04435040057591
686	7.07459636188738	4.73997956246454
688	6.5455971608387	4.38555009776193
690	6.92035115468801	4.63663527364097
692	6.6898092587927	4.48217220339111
694	6.70896975424092	4.49500973534142
696	6.73776718903143	4.51430401665106
698	6.15406735495514	4.12322512781994
700	6.71306900067343	4.4977562304512
702	5.82126244548447	3.9002458384746
704	6.04909761527307	4.05289540223295
706	5.78020053407906	3.87273435783297
708	5.66409227437752	3.79494182383294
710	5.09573345784999	3.4141414167595
712	5.36740864209183	3.59616379020152
714	5.78970196759022	3.87910031828545
716	5.15492796453816	3.45380173624057
718	5.24969496312713	3.51729562529518
720	5.91036560115536	3.95994495277409
722	5.06629497347261	3.39441763222665
724	4.8044529381483	3.21898346855936
726	4.8498836374887	3.24942203711743
728	4.42834503992869	2.96699117675222
730	4.43447723828096	2.97109974964824
730	3.15904014128353	2.11655689465996
732	4.14827682192259	2.77934547068813
734	3.99111225449426	2.67404521051115
736	3.74966407118085	2.51227492769117
738	3.55751672736103	2.38353620733189
740	3.29791569881625	2.20960351820688
740	2.93959132979285	1.96952619096121
742	2.42259308802897	1.62313736897941
744	2.20268865308015	1.4758013975637
746	2.02852895040719	1.35911439677282
748	1.7074719437895	1.14400620233897
750	1.59707116250021	1.07003767887514
752	1.51863637808313	1.01748637331569
754	1.48792319906031	0.996908543370409
756	1.30482615604801	0.874233524552166
758	1.21409729669741	0.813445188787265
760	1.14478492227075	0.767005897921402
762	1.15358999740404	0.772905298260706
764	1.03026421112994	0.69027702145706
766	0.99068387101809	0.66375819358212
768	1.06615711955696	0.714325270103166
770	0.89933023991861	0.602551260745469
772	0.91147224654173	0.610686405182959
774	0.625679350450561	0.419205164801876
776	0.780070458533434	0.522647207217401
778	0.903190499845607	0.605137634896556
780	1.26591441230672	0.848162656245499
782	0.730571809737868	0.489483112524371
784	0.73402484487088	0.49179664606349
786	1.0689563148037	0.71620073091848
788	0.751654836560791	0.50360874049573
790	0.393736918454486	0.263803735364505
798	0.292325046426011	0.195857781105427
800	0.24766048579289	0.165932525481236
802	0.346100983941781	0.231887659240993
804	0.330424527763391	0.221384433601472
806	0.33651158831031	0.225462764167908
808	0.380747175423677	0.255100607533863
810	0.41816733853052	0.280172116815449
812	0.486526084055367	0.325972476317096
814	0.46522201681722	0.311698751267537
816	0.531405496053183	0.356041682355632
818	0.652722353761021	0.437323977019884
820	0.562265191738317	0.376717678464672
822	0.667937312512639	0.447517999383468
824	0.680303527329946	0.455803363311064
826	0.713602997982684	0.478114008648398
828	0.769819489827762	0.515779058184601
830	0.873633105990632	0.585334181013723
832	1.03464869470843	0.69321462545465
834	1.08342878307612	0.725897284660997
836	0.949135896392162	0.635921050582748
838	1.07836796661536	0.722506537632293
840	1.14656914988761	0.7682013304247
842	1.13210093011442	0.758507623176664
844	1.16388965604355	0.779806069549177
846	1.27252477291525	0.852591597853217
848	1.33326945732163	0.893290536405492
850	1.35284616197559	0.906406928523642
852	1.6707205197928	1.11938274826118
854	1.69804640228895	1.13769108953359
856	1.9838929879631	1.32920830193528
858	1.92273429879983	1.28823198019589
860	2.12054080894509	1.42076234199321
862	2.12872289463802	1.42624433940747
864	2.42181785454138	1.62261796254273
866	2.50248449766821	1.6766646134377
868	2.65307257081495	1.77755862244602
870	2.99573650111021	2.00714345574384
872	2.85348079347788	1.91183213163018
872	2.85334771100423	1.91174296637283
874	3.04468571306572	2.03993942775403
876	3.2489407730965	2.17679031797465
878	2.98021843856209	1.9967463538366
880	3.40099233405028	2.27866486381369
882	3.77490779794729	2.52918822462469
884	3.88531823000921	2.60316321410617
886	4.09577948937576	2.74417225788176
888	4.37029218364316	2.92809576304092
890	4.52986800957562	3.03501156641566
892	4.91541861836397	3.29333047430386
894	4.9021419141573	3.28443508248539
896	5.11558740241903	3.42744355962075
898	5.08719723722397	3.40842214894006
900	5.38599994727213	3.60861996467233
902	5.40321984388834	3.62015729540519
904	5.27008380792392	3.53095615130902
906	5.55102297556395	3.71918539362785
908	5.49743371980263	3.68328059226776
910	5.22535277428133	3.50098635876849
912	5.25932704176704	3.52374911798392
914	5.39236843491332	3.61288685139192
916	5.617459828906	3.76369808536702
918	5.65395428923496	3.78814937378742
920	5.47525447156332	3.66842049594742
922	5.48593978582686	3.67557965650399
924	5.73013745799446	3.83919209685629
926	5.69884039330728	3.81822306351588
928	5.67606350985986	3.8029625516061
930	5.85211978780605	3.92092025783006
932	6.21104901248389	4.16140283836421
934	6.24632504560919	4.18503778055816
936	6.09634603678303	4.08455184464463
938	6.53078084091245	4.37562316341134
940	6.46639068261021	4.33248175734884
942	6.60945590580281	4.42833545688788
944	6.79928272520973	4.55551942589052
946	7.0636551057876	4.73264892087769
948	7.30111776654638	4.89174890358608
950	7.47602986669662	5.00894001068673
952	8.00770916502184	5.36516514056463
954	8.04607700808386	5.39087159541618
956	8.51562213484451	5.70546683034582
958	8.71043218538598	5.83598956420861
960	9.04692951438907	6.06144277464068
962	8.27060426541057	5.54130485782508
964	9.43954356066881	6.3244941856481
966	8.87620084515731	5.9470545662554
968	9.75338848775865	6.5347702867983
970	9.53492559325227	6.38840014747902
972	9.60444974171699	6.43498132695039
974	9.65050082563247	6.46583555317375
976	8.92444652613125	5.97937917250794
978	8.82204027618404	5.91076698504331
980	8.4053345513472	5.63157414940263
982	8.41042602607348	5.63498543746923
984	8.073968672898	5.40955901084166
986	7.40824023471665	4.96352095726016
988	7.30836776185814	4.89660640044495
990	6.78212415838555	4.54402318611832
992	6.2088604142041	4.15993647751675
994	5.90797940399834	3.95834620067889
996	5.4851249933204	3.67503374552467
998	5.27872220517008	3.53674387746395
1000	4.45638787354336	2.98577987527405
1002	3.87556650772188	2.59662956017366
1004	3.93850024153435	2.63879516182802
1006	3.67688298027439	2.46351159678384
1008	3.49982741145842	2.34488436567714
1010	3.34168833173452	2.23893118226213
1012	3.52363908864419	2.36083818939161
1014	3.58947215730643	2.40494634539531
1016	3.86939437804005	2.59249423328683
1018	3.77564718739227	2.52968361555282
1020	4.32613261822463	2.8985088542105
1022	4.71282732568345	3.15759430820791
1022	4.71349890367295	3.15804426546088
1024	4.99747664935483	3.34830935506774
1026	4.98167421311292	3.33772172278566
1028	4.90035921323133	3.28324067286499
1030	4.86221269380279	3.25768250484787
1032	4.98354551945563	3.33897549803527
1034	4.73688241125586	3.17371121554143
1036	4.53422479450216	3.03793061231645
1038	4.61305641306582	3.0907477967541
1040	4.36735763707879	2.92612961684279
1042	4.11477626025981	2.75690009437407
1044	3.81080911533586	2.55324210727503
1046	3.43987310091119	2.3047149776105
1048	3.31960611503874	2.22413609707595
1050	3.03412854705839	2.03286612652912
1052	2.70435849525985	1.8119201918241
1054	2.42818011966723	1.62688068017704
1056	2.10249854887691	1.40867402774753
1058	1.83926455573449	1.23230725234211
1060	1.59277245962819	1.06715754795089
1062	1.41728170530978	0.949578742557554
1064	1.21295578813571	0.812680378050925
1066	1.03575377587958	0.693955029839321
1068	0.854476695928118	0.572499386271839
1070	0.769596478822544	0.515629640811104
1072	0.572770267385601	0.383756079148352
1074	0.517484360961365	0.346714521844115
1076	0.451599745341114	0.302571829378546
1078	0.384530843795076	0.257635665342701
1080	0.333189357933958	0.223236869815752
1082	0.325685674873735	0.218209402165402
1084	0.28431602176981	0.190491734585773
1086	0.298661253123239	0.20010303959257
1088	0.235118455633552	0.15752936527448
1090	0.233489460733454	0.156437938691414
1092	0.212005085505227	0.142043407288502
1094	0.257772152644122	0.172707342271562
1096	0.190385613897172	0.127558361311105
1098	0.181774441255617	0.121788875641263
1100	0.267268960606658	0.179070203606461
1102	0.173256867335566	0.116082101114829
1104	0.185561131276352	0.124325957955156
1106	0.167927093383763	0.112511152567121
