550	15.245713424526	7.92777098075354
552	13.5898885549437	7.06674204857073
554	12.8453174804169	6.67956508981681
556	12.1912072400867	6.33942776484506
558	10.003912138634	5.20203431208969
560	9.32092629843047	4.84688167518384
562	10.2230350503627	5.31597822618862
564	9.36536351268944	4.86998902659851
566	7.96562276312398	4.14212383682447
568	8.27728433402	4.3041878536904
570	7.61076397489634	3.9575972669461
572	7.39777711438017	3.84684409947769
574	7.09756064379013	3.69073153477087
576	6.88616396966348	3.58080526422501
578	6.63909473200407	3.45232926064212
580	6.41364139953514	3.33509352775827
582	6.48163608298702	3.37045076315325
584	6.64635142272489	3.45610273981694
586	6.85037930191599	3.56219723699632
588	6.78060817378987	3.52591625037073
590	6.85021683857106	3.56211275605695
592	6.54092191995514	3.40127939837667
594	6.76023420033248	3.51532178417289
596	6.57938718646033	3.42128133695937
598	6.6426909860063	3.45419931272327
600	6.6154209902733	3.44001891494211
602	6.39040624783725	3.32301124887537
604	6.48740922449342	3.37345279673658
606	6.74392527356265	3.50684114225258
608	6.85369584466181	3.56392183922414
610	7.14469903771712	3.7152434996129
612	7.36330004057196	3.82891602109742
614	7.79711295947995	4.05449873892957
616	7.93398003599433	4.12566961871705
618	8.14673836369306	4.23630394912039
620	7.75897477533611	4.03466688317478
622	8.45184931536106	4.39496164398775
624	9.2591343009009	4.81474983646847
626	9.51747983149855	4.94908951237925
628	9.9700970112423	5.18445044584599
630	10.1401554666006	5.27288084263234
632	10.1414816169083	5.27357044079229
634	10.2813833557612	5.34631934499585
636	10.4513401044376	5.43469685430755
638	10.2090402979577	5.30870095493799
640	9.84521400771901	5.11951128401389
642	10.1893421375248	5.2984579115129
644	10.550698791281	5.48636337146613
646	10.6714734002864	5.54916616814893
648	10.8834264739217	5.65938176643929
650	10.9812066651689	5.71022746588785
652	11.3567758957663	5.90552346579845
654	11.6628844013747	6.06469988871484
656	10.8622184287021	5.64835358292509
658	10.0041937545227	5.20218075235182
660	8.90900404119401	4.63268210142089
662	8.93479405195096	4.6460929070145
664	8.86805379985274	4.61138797592343
666	8.36556368859565	4.35009311806974
668	7.76654746255915	4.03860468053076
670	7.8320933994785	4.07268856772882
672	7.4887517852904	3.89415092835101
674	7.50995706037607	3.90517767139556
676	7.1808649069051	3.73404975159065
678	6.82037961813792	3.54659740143172
680	6.79876970157312	3.53536024481802
682	6.15778030047089	3.20204575624486
684	5.92922242560779	3.08319566131605
686	5.69765730421007	2.96278179818923
688	5.29368095034383	2.75271409417879
690	5.15053997344869	2.67828078619332
692	4.86383665514513	2.52919506067547
694	4.94465128139223	2.57121866632396
696	4.57893739216536	2.38104744392599
698	4.43517045105185	2.30628863454696
700	4.25348672379253	2.21181309637212
702	3.87682699756443	2.0159500387335
704	4.07999217085057	2.12159592884229
706	3.43859458410113	1.78806918373259
708	3.76185025239201	1.95616213124385
710	3.51861587906787	1.82968025711529
712	3.4635310327268	1.80103613701794
714	3.45564699180562	1.79693643573892
716	3.49624534144968	1.81804757755383
718	3.43593555685658	1.78668648956542
720	3.58456416082713	1.86397336363011
722	3.51553848820561	1.82808001386692
724	3.70768318651755	1.92799525698912
726	3.47983765343302	1.80951557978517
728	3.23864352228331	1.68409463158732
730	3.31444322941587	1.72351047929625
732	3.38122757736768	1.75823834023119
734	3.39956095622622	1.76777169723763
736	3.3974713246682	1.76668508882746
738	3.38145020861271	1.75835410847861
740	3.41353961248591	1.77504059849268
742	3.46575018509183	1.80219009624775
744	3.65447310473503	1.90032601446221
746	3.57118228164761	1.85701478645676
748	3.86658754815844	2.01062552504239
750	3.88473453452365	2.0200619579523
750	3.8847299858522	2.02005959264315
752	3.97091556125511	2.06487609185266
754	3.95023942625834	2.05412450165434
756	4.1205332344523	2.14267728191519
758	4.00172151117137	2.08089518580911
760	4.06444762963486	2.11351276741013
762	4.49926265179358	2.33961657893266
764	4.73652907915823	2.46299512116228
766	4.61310834024052	2.39881633692507
768	4.47138491723625	2.32512015696285
770	4.25588074369508	2.21305798672144
772	4.86343149985206	2.52898437992307
774	5.26993602664955	2.74036673385776
776	4.64379823597687	2.41477508270797
778	3.9862200933912	2.07283444856342
780	5.66482726040369	2.94571017540992
782	6.63603057660551	3.45073589983486
784	6.06700428646998	3.15484222896439
786	7.72228598410124	4.01558871173264
788	7.5876962681572	3.94560205944175
790	10.2736668964753	5.34230678616718
798	12.8902967124532	6.70295429047564
800	13.6330427243469	7.08918221666037
802	13.5207482911626	7.03078911140456
804	14.1867943184587	7.37713304559851
806	15.5778745334268	8.10049475738191
808	16.7143056515294	8.6914389387953
810	17.01272425813	8.84661661422762
812	17.7614104877199	9.23593345361436
814	17.9398979492544	9.32874693361229
816	18.6706542820829	9.70874022668311
818	17.0292195665173	8.85519417458901
820	19.2129542913354	9.99073623149442
822	19.0615539225767	9.91200803973989
824	19.8631595029443	10.328842941531
826	18.7290811547419	9.7391222004658
828	19.4267719261502	10.1019214015981
830	19.8404429792951	10.3170303492334
832	21.0974997248129	10.9706998569027
834	22.1377032032682	11.5116056656995
836	20.7221867671223	10.7755371189036
838	21.1400176268871	10.9928091659813
840	22.0816621476397	11.4824643167726
842	22.0315659413033	11.4564142894777
844	21.4108323018905	11.1336327969831
846	21.9301402931429	11.4036729524343
848	22.3228877151047	11.6079016118544
850	21.9523076742155	11.415199990592
852	22.0327175768062	11.4570131399392
854	22.5648728659368	11.7337338902872
856	23.0053395538088	11.9627765679806
858	22.0766861049919	11.4798767745958
860	24.0236395122771	12.4922925463841
862	21.8439028750267	11.3588294950139
864	23.287799773933	12.1096558824452
866	23.2041025795384	12.06613334136
868	22.770769733886	11.8408002616207
870	22.6204451417912	11.7626314737314
872	20.7818494486865	10.806561713317
874	22.6473266989741	11.7766098834665
876	21.2095456019806	11.0289637130299
878	20.6291887354301	10.7271781424237
880	19.7070928793596	10.247688297267
882	21.2511807633095	11.050613996921
884	20.9815802905663	10.9104217510945
886	19.7787234379763	10.2849361877477
888	18.9941420094321	9.87695384490472
890	18.9574557829505	9.85787700713428
892	17.8225453784443	9.26772359679105
894	18.7406360711255	9.74513075698528
896	16.5540380800402	8.60809980162092
898	15.3973789111507	8.00663703379836
900	16.5703417476703	8.61657770878857
902	11.6054208013112	6.03481881668181
904	14.1257445670529	7.34538717486753
906	13.576177262313	7.05961217640278
908	12.68049188574	6.59385578058482
910	11.1068336845788	5.77555351598099
912	11.052928655429	5.74752290082308
914	11.0738801405416	5.75841767308166
916	9.83700100663087	5.11524052344805
918	9.66500136194759	5.02580070821275
920	8.69808766229642	4.52300558439414
922	7.91020117742324	4.11330461226008
924	6.78799715204791	3.52975851906491
926	6.72188804675217	3.49538178431113
928	5.55382752329019	2.8879903121109
930	5.0292489467395	2.61520945230454
932	3.97449086562811	2.06673525012662
934	3.64484271514602	1.89531821187593
936	3.02147095916	1.5711648987632
938	2.57067156193712	1.3367492122073
940	2.16649896230525	1.12657946039873
942	1.90275583389673	0.989433033626298
944	1.57255665551617	0.817729460868409
946	1.45512917572979	0.75666717137949
948	1.01450239732594	0.527541246609491
950	0.782099214249996	0.406691591409998
952	0.692965954097201	0.360342296130544
954	0.529456999906624	0.275317639951445
956	0.37949435177943	0.197337062925304
958	0.365652933040323	0.190139525180968
960	0.291481825014907	0.151570549007752
962	0.242718967366479	0.126213863030569
964	0.165354710846056	0.0859844496399492
966	0.182733251948637	0.0950212910132914
968	0.145158277481789	0.0754823042905302
970	0.121175275789468	0.0630111434105231
972	0.100636182677852	0.0523308149924828
974	0.0897077650569332	0.0466480378296053
976	0.0663087122035796	0.0344805303458614
978	0.0477920758099233	0.0248518794211601
980	0.0391158616659187	0.0203402480662777
982	0.0306348047974434	0.0159300984946706
984	0.025325151241964	0.0131690786458213
986	0.0256299391678455	0.0133275683672796
988	0.0145785010247129	0.0075808205328507
990	0.0157347900299683	0.00818209081558349
992	0.0136629180573684	0.00710471738983157
994	0.0141757714015056	0.00737140112878291
996	0.013096432553434	0.00681014492778566
998	0.0104746910133441	0.00544683932693894
1000	0.008607059133127	0.00447567074922604
1002	0.00407490338002656	0.00211894975761381
1004	0.00782101892630754	0.00406692984167992
1006	0.0167702570845534	0.00872053368396779
1008	0.00656163237846061	0.00341204883679951
